===============================================================================
 Language            Files        Lines         Code     Comments       Blanks
===============================================================================
 CSS                     1          161          151            0           10
 HTML                    1           14           13            0            1
 JavaScript              2           35           31            0            4
 JSON                    8          191          186            0            5
 PowerShell              1           97           84            0           13
 Rust                    4          426          366           26           34
 Shell                   2          101           77           10           14
 SVG                     2            7            7            0            0
 TOML                    1           27           19            4            4
 TSX                    17         2535         2319           33          183
 TypeScript              9          407          371            9           27
-------------------------------------------------------------------------------
 Markdown                1           93            0           73           20
 |- PowerShell           1            1            1            0            0
 (Total)                             94            1           73           20
===============================================================================
 Total                  49         4094         3624          155          315
===============================================================================
